1 2 7 15
1 0 7 9
1 0 7 9
2 1 17 19
2 2 19 32
2 0 19 21
3 1 34 36
3 2 36 53
3 0 36 38
3 0 38 41
4 1 55 57
4 2 57 67
4 0 57 59
4 0 59 62
5 1 69 71
5 2 71 88
5 0 71 73
5 0 73 76
6 1 90 92
6 2 92 109
6 0 92 94
6 0 94 97
7 1 111 113
7 2 113 119
8 1 121 123
8 2 123 133
8 0 123 125
9 1 135 137
9 2 137 152
9 0 137 139
9 0 139 142
10 1 154 156
10 2 156 171
10 0 156 158
10 0 158 161
11 1 173 175
11 2 175 185
11 0 175 177
12 1 187 189
12 2 189 204
12 0 189 191
12 0 191 194
13 1 206 208
13 2 208 223
13 0 208 210
13 0 210 213
14 1 225 227
14 2 227 242
14 0 227 229
14 0 229 235
15 1 244 246
15 2 246 252
16 1 254 256
16 2 256 268
16 0 256 258
17 1 270 272
17 2 272 287
17 0 272 274
17 0 274 280
18 1 289 291
18 2 291 303
18 0 291 293
19 1 305 307
19 2 307 323
19 0 307 309
19 0 309 312
20 1 325 327
20 2 327 330
21 1 332 334
21 2 334 344
21 0 334 336
21 0 336 339
22 1 346 348
22 2 348 360
22 0 348 350
23 1 362 364
23 2 364 379
23 0 364 366
23 0 366 369
24 1 381 383
24 2 383 395
24 0 383 385
25 1 397 399
25 2 399 406
25 0 399 401
26 1 408 410
26 2 410 423
26 0 410 412
26 0 412 415
26 0 415 418
27 1 425 427
27 2 427 433
28 1 435 437
28 2 437 449
28 0 437 439
29 1 451 453
29 2 453 460
29 0 453 455
30 1 462 464
30 2 464 484
30 0 464 466
30 0 466 469
30 0 469 472
30 0 472 475
30 0 475 477
31 1 486 488
31 2 488 499
31 0 488 490
31 0 490 493
31 0 493 496
32 1 501 503
32 2 503 521
32 0 503 505
32 0 505 508
32 0 508 511
32 0 511 514
33 1 523 525
33 2 525 531
34 1 533 535
34 2 535 550
34 0 535 537
34 0 537 540
35 1 552 554
35 2 554 567
35 0 554 556
35 0 556 559
35 0 559 562
36 1 569 571
36 2 571 581
36 0 571 573
37 1 583 585
37 2 585 595
37 0 585 587
38 1 597 599
38 2 599 609
38 0 599 601
39 1 611 613
39 2 613 623
39 0 613 615
39 0 615 618
40 1 625 627
40 2 627 644
40 0 627 629
40 0 629 632
41 1 646 648
41 2 648 663
41 0 648 650
41 0 650 653
42 1 665 667
42 2 667 682
42 0 667 669
42 0 669 675
43 1 684 686
43 2 686 698
43 0 686 688
44 1 700 702
44 2 702 709
44 0 702 704
45 1 711 713
45 2 713 728
45 0 713 715
45 0 715 718
46 1 730 732
46 2 732 738
47 1 740 742
47 2 742 754
47 0 742 744
48 1 756 758
48 2 758 764
49 1 766 768
49 2 768 776
49 0 768 770
49 0 770 773
50 1 778 780
50 2 780 795
50 0 780 782
50 0 782 785
51 1 797 799
51 2 799 814
51 0 799 801
51 0 801 804
52 1 816 818
52 2 818 830
52 0 818 820
53 1 832 834
53 2 834 840
54 1 842 844
54 2 844 854
54 0 844 846
55 1 856 858
55 2 858 873
55 0 858 860
55 0 860 863
56 1 875 877
56 2 877 889
56 0 877 879
57 1 891 893
57 2 893 906
57 0 893 895
57 0 895 898
57 0 898 901
58 1 908 912
58 2 912 920
58 0 912 914
58 0 912 914
59 1 922 924
59 2 924 944
59 0 924 926
59 0 926 929
60 1 946 948
60 2 948 960
60 0 948 950
61 1 962 964
61 2 964 976
61 0 964 966
62 1 978 980
62 2 980 997
62 0 980 982
62 0 982 985
63 1 999 1001
63 2 1001 1016
63 0 1001 1003
63 0 1003 1006
64 1 1018 1020
64 2 1020 1031
64 0 1020 1022
64 0 1022 1025
64 0 1025 1028
65 1 1033 1035
65 2 1035 1047
65 0 1035 1037
66 1 1049 1051
66 2 1051 1063
66 0 1051 1053
67 1 1065 1067
67 2 1067 1070
68 1 1072 1074
68 2 1074 1085
68 0 1074 1076
68 0 1076 1079
68 0 1079 1082
69 1 1087 1089
69 2 1089 1109
69 0 1089 1091
69 0 1091 1094
70 1 1111 1113
70 2 1113 1131
70 0 1113 1115
70 0 1115 1118
70 0 1118 1121
70 0 1121 1124
71 1 1133 1135
71 2 1135 1151
71 0 1135 1137
71 0 1137 1140
72 1 1153 1155
72 2 1155 1162
72 0 1155 1157
73 1 1164 1166
73 2 1166 1186
73 0 1166 1168
73 0 1168 1171
73 0 1171 1174
73 0 1174 1177
73 0 1177 1179
74 1 1188 1190
74 2 1190 1205
74 0 1190 1192
74 0 1192 1198
75 1 1207 1209
75 2 1209 1222
75 0 1209 1211
76 1 1224 1226
76 2 1226 1232
76 0 1226 1228
77 1 1234 1236
77 2 1236 1244
77 0 1236 1238
77 0 1238 1241
78 1 1246 1248
78 2 1248 1263
78 0 1248 1250
78 0 1250 1256
79 1 1265 1267
79 2 1267 1283
79 0 1267 1269
79 0 1269 1272
80 1 1285 1287
80 2 1287 1299
80 0 1287 1289
81 1 1301 1303
81 2 1303 1313
81 0 1303 1305
82 1 1315 1317
82 2 1317 1332
82 0 1317 1319
82 0 1319 1322
83 1 1334 1336
83 2 1336 1344
83 0 1336 1338
83 0 1338 1341
84 1 1346 1348
84 2 1348 1360
84 0 1348 1350
85 1 1362 1364
85 2 1364 1377
85 0 1364 1366
85 0 1366 1369
85 0 1369 1372
86 1 1379 1381
86 2 1381 1394
86 0 1381 1383
86 0 1383 1386
86 0 1386 1389
87 1 1396 1398
87 2 1398 1405
87 0 1398 1400
88 1 1407 1409
88 2 1409 1419
88 0 1409 1411
89 1 1421 1423
89 2 1423 1429
90 1 1431 1433
90 2 1433 1440
90 0 1433 1435
91 1 1442 1444
91 2 1444 1459
91 0 1444 1446
91 0 1446 1452
92 1 1461 1463
92 2 1463 1478
92 0 1463 1465
92 0 1465 1468
93 1 1480 1482
93 2 1482 1492
93 0 1482 1484
93 0 1484 1487
94 1 1494 1496
94 2 1496 1511
94 0 1496 1498
94 0 1498 1501
95 1 1513 1515
95 2 1515 1522
95 0 1515 1517
96 1 1524 1526
96 2 1526 1532
97 1 1534 1536
97 2 1536 1551
97 0 1536 1538
97 0 1538 1544
98 1 1553 1555
98 2 1555 1562
98 0 1555 1557
99 1 1564 1566
99 2 1566 1581
99 0 1566 1568
99 0 1568 1574
100 1 1583 1585
100 2 1585 1593
100 0 1585 1587
100 0 1587 1590
101 1 1595 1597
101 2 1597 1617
101 0 1597 1599
101 0 1599 1602
101 0 1602 1605
101 0 1605 1608
101 0 1608 1610
102 1 1619 1621
102 2 1621 1638
102 0 1621 1623
102 0 1623 1626
103 1 1640 1642
103 2 1642 1652
103 0 1642 1644
104 1 1654 1656
104 2 1656 1662
105 1 1664 1666
105 2 1666 1678
105 0 1666 1668
106 1 1680 1682
106 2 1682 1688
107 1 1690 1692
107 2 1692 1705
107 0 1692 1694
107 0 1694 1697
107 0 1697 1700
108 1 1707 1711
108 2 1711 1719
108 0 1711 1713
108 0 1711 1713
109 1 1721 1723
109 2 1723 1736
109 0 1723 1725
109 0 1725 1728
109 0 1728 1731
110 1 1738 1740
110 2 1740 1755
110 0 1740 1742
110 0 1742 1745
111 1 1757 1759
111 2 1759 1776
111 0 1759 1761
111 0 1761 1764
112 1 1778 1780
112 2 1780 1790
112 0 1780 1782
112 0 1782 1785
113 1 1792 1794
113 2 1794 1804
113 0 1794 1796
114 1 1806 1808
114 2 1808 1828
114 0 1808 1810
114 0 1810 1813
114 0 1813 1816
114 0 1816 1819
114 0 1819 1821
115 1 1830 1832
115 2 1832 1849
115 0 1832 1834
115 0 1834 1837
116 1 1851 1853
116 2 1853 1860
116 0 1853 1855
117 1 1862 1864
117 2 1864 1871
117 0 1864 1866
118 1 1873 1875
118 2 1875 1893
118 0 1875 1877
118 0 1877 1880
118 0 1880 1883
118 0 1883 1886
119 1 1895 1897
119 2 1897 1917
119 0 1897 1899
119 0 1899 1902
119 0 1902 1905
119 0 1905 1908
119 0 1908 1910
120 1 1919 1921
120 2 1921 1941
120 0 1921 1923
120 0 1923 1926
120 0 1926 1929
120 0 1929 1932
120 0 1932 1934
121 1 1943 1945
121 2 1945 1957
121 0 1945 1947
122 1 1959 1961
122 2 1961 1971
122 0 1961 1963
123 1 1973 1975
123 2 1975 1987
123 0 1975 1977
124 1 1989 1991
124 2 1991 2004
124 0 1991 1993
124 0 1993 1996
124 0 1996 1999
125 1 2006 2008
125 2 2008 2023
125 0 2008 2010
125 0 2010 2016
126 1 2025 2027
126 2 2027 2034
126 0 2027 2029
127 1 2036 2038
127 2 2038 2053
127 0 2038 2040
127 0 2040 2046
128 1 2055 2057
128 2 2057 2069
128 0 2057 2059
129 1 2071 2073
129 2 2073 2093
129 0 2073 2075
129 0 2075 2078
130 1 2095 2097
130 2 2097 2109
130 0 2097 2099
131 1 2111 2113
131 2 2113 2128
131 0 2113 2115
131 0 2115 2118
132 1 2130 2132
132 2 2132 2139
132 0 2132 2134
133 1 2141 2143
133 2 2143 2159
133 0 2143 2145
133 0 2145 2148
134 1 2161 2163
134 2 2163 2173
134 0 2163 2165
135 1 2175 2177
135 2 2177 2192
135 0 2177 2179
135 0 2179 2185
136 1 2194 2196
136 2 2196 2203
136 0 2196 2198
137 1 2205 2207
137 2 2207 2214
137 0 2207 2209
138 1 2216 2220
138 2 2220 2228
138 0 2220 2222
138 0 2220 2222
139 1 2230 2232
139 2 2232 2247
139 0 2232 2234
139 0 2234 2237
140 1 2249 2251
140 2 2251 2266
140 0 2251 2253
140 0 2253 2256
141 1 2268 2270
141 2 2270 2286
141 0 2270 2272
141 0 2272 2275
142 1 2288 2290
142 2 2290 2293
143 1 2295 2297
143 2 2297 2312
143 0 2297 2299
143 0 2299 2302
144 1 2314 2316
144 2 2316 2326
144 0 2316 2318
144 0 2318 2321
145 1 2328 2330
145 2 2330 2340
145 0 2330 2332
145 0 2332 2335
146 1 2342 2344
146 2 2344 2350
147 1 2352 2354
147 2 2354 2362
147 0 2354 2356
147 0 2356 2359
148 1 2364 2366
148 2 2366 2379
148 0 2366 2368
148 0 2368 2371
148 0 2371 2374
149 1 2381 2383
149 2 2383 2393
149 0 2383 2385
149 0 2385 2388
150 1 2395 2397
150 2 2397 2408
150 0 2397 2399
150 0 2399 2402
150 0 2402 2405
151 1 2410 2412
151 2 2412 2418
151 0 2412 2414
152 1 2420 2422
152 2 2422 2437
152 0 2422 2424
152 0 2424 2430
153 1 2439 2441
153 2 2441 2456
153 0 2441 2443
153 0 2443 2449
154 1 2458 2460
154 2 2460 2466
155 1 2468 2470
155 2 2470 2480
155 0 2470 2472
155 0 2472 2475
156 1 2482 2486
156 2 2486 2494
156 0 2486 2488
156 0 2486 2488
157 1 2496 2498
157 2 2498 2504
158 1 2506 2508
158 2 2508 2524
158 0 2508 2510
158 0 2510 2513
159 1 2526 2528
159 2 2528 2540
159 0 2528 2530
160 1 2542 2544
160 2 2544 2556
160 0 2544 2546
161 1 2558 2560
161 2 2560 2577
161 0 2560 2562
161 0 2562 2565
162 1 2579 2581
162 2 2581 2588
162 0 2581 2583
163 1 2590 2592
163 2 2592 2599
163 0 2592 2594
164 1 2601 2603
164 2 2603 2618
164 0 2603 2605
164 0 2605 2611
165 1 2620 2622
165 2 2622 2634
165 0 2622 2624
166 1 2636 2638
166 2 2638 2645
166 0 2638 2640
167 1 2647 2649
167 2 2649 2665
167 0 2649 2651
167 0 2651 2654
168 1 2667 2669
168 2 2669 2686
168 0 2669 2671
168 0 2671 2674
169 1 2688 2690
169 2 2690 2702
169 0 2690 2692
170 1 2704 2708
170 2 2708 2716
170 0 2708 2710
170 0 2708 2710
171 1 2718 2720
171 2 2720 2736
171 0 2720 2722
171 0 2722 2725
172 1 2738 2740
172 2 2740 2755
172 0 2740 2742
172 0 2742 2748
173 1 2757 2759
173 2 2759 2771
173 0 2759 2761
174 1 2773 2775
174 2 2775 2785
174 0 2775 2777
175 1 2787 2789
175 2 2789 2804
175 0 2789 2791
175 0 2791 2794
176 1 2806 2808
176 2 2808 2823
176 0 2808 2810
176 0 2810 2813
177 1 2825 2827
177 2 2827 2839
177 0 2827 2829
178 1 2841 2843
178 2 2843 2860
178 0 2843 2845
178 0 2845 2848
179 1 2862 2864
179 2 2864 2879
179 0 2864 2866
179 0 2866 2872
180 1 2881 2883
180 2 2883 2901
180 0 2883 2885
180 0 2885 2888
180 0 2888 2891
180 0 2891 2894
181 1 2903 2905
181 2 2905 2920
181 0 2905 2907
181 0 2907 2913
182 1 2922 2924
182 2 2924 2941
182 0 2924 2926
182 0 2926 2929
183 1 2943 2945
183 2 2945 2960
183 0 2945 2947
183 0 2947 2953
184 1 2962 2964
184 2 2964 2976
184 0 2964 2966
185 1 2978 2980
185 2 2980 2995
185 0 2980 2982
185 0 2982 2985
186 1 2997 2999
186 2 2999 3019
186 0 2999 3001
186 0 3001 3004
186 0 3004 3007
186 0 3007 3010
186 0 3010 3012
187 1 3021 3023
187 2 3023 3043
187 0 3023 3025
187 0 3025 3028
187 0 3028 3031
187 0 3031 3034
187 0 3034 3036
188 1 3045 3047
188 2 3047 3067
188 0 3047 3049
188 0 3049 3052
188 0 3052 3055
188 0 3055 3058
188 0 3058 3060
189 1 3069 3071
189 2 3071 3091
189 0 3071 3073
189 0 3073 3076
189 0 3076 3079
189 0 3079 3082
189 0 3082 3084
190 1 3093 3095
190 2 3095 3113
190 0 3095 3097
190 0 3097 3100
190 0 3100 3103
190 0 3103 3106
191 1 3115 3117
191 2 3117 3137
191 0 3117 3119
191 0 3119 3122
191 0 3122 3125
191 0 3125 3128
191 0 3128 3130
192 1 3139 3141
192 2 3141 3153
192 0 3141 3143
193 1 3155 3157
193 2 3157 3167
193 0 3157 3159
193 0 3159 3162
194 1 3169 3171
194 2 3171 3181
194 0 3171 3173
195 1 3183 3185
195 2 3185 3203
195 0 3185 3187
195 0 3187 3190
195 0 3190 3193
195 0 3193 3196
196 1 3205 3207
196 2 3207 3227
196 0 3207 3209
196 0 3209 3212
196 0 3212 3215
196 0 3215 3218
196 0 3218 3220
197 1 3229 3231
197 2 3231 3249
197 0 3231 3233
197 0 3233 3236
197 0 3236 3239
197 0 3239 3242
198 1 3251 3253
198 2 3253 3268
198 0 3253 3255
198 0 3255 3258
199 1 3270 3272
199 2 3272 3279
199 0 3272 3274
200 1 3281 3283
200 2 3283 3296
200 0 3283 3285
200 0 3285 3288
200 0 3288 3291
201 1 3298 3300
201 2 3300 3313
201 0 3300 3302
201 0 3302 3305
201 0 3305 3308
202 1 3315 3317
202 2 3317 3335
202 0 3317 3319
202 0 3319 3322
202 0 3322 3325
202 0 3325 3328
203 1 3337 3339
203 2 3339 3350
203 0 3339 3341
203 0 3341 3344
203 0 3344 3347
204 1 3352 3354
204 2 3354 3372
204 0 3354 3356
204 0 3356 3359
204 0 3359 3362
204 0 3362 3365
205 1 3374 3376
205 2 3376 3394
205 0 3376 3378
205 0 3378 3381
205 0 3381 3384
205 0 3384 3387
206 1 3396 3398
206 2 3398 3404
207 1 3406 3408
207 2 3408 3418
207 0 3408 3410
208 1 3420 3422
208 2 3422 3435
208 0 3422 3424
208 0 3424 3427
208 0 3427 3430
209 1 3437 3439
209 2 3439 3452
209 0 3439 3441
209 0 3441 3444
209 0 3444 3447
210 1 3454 3456
210 2 3456 3471
210 0 3456 3458
210 0 3458 3461
211 1 3473 3475
211 2 3475 3481
212 1 3483 3485
212 2 3485 3500
212 0 3485 3487
212 0 3487 3493
213 1 3502 3504
213 2 3504 3516
213 0 3504 3506
214 1 3518 3520
214 2 3520 3535
214 0 3520 3522
214 0 3522 3525
215 1 3537 3539
215 2 3539 3542
216 1 3544 3546
216 2 3546 3558
216 0 3546 3548
217 1 3560 3562
217 2 3562 3578
217 0 3562 3564
217 0 3564 3567
218 1 3580 3582
218 2 3582 3597
218 0 3582 3584
218 0 3584 3590
219 1 3599 3601
219 2 3601 3616
219 0 3601 3603
219 0 3603 3609
220 1 3618 3620
220 2 3620 3627
220 0 3620 3622
221 1 3629 3631
221 2 3631 3651
221 0 3631 3633
221 0 3633 3636
222 1 3653 3655
222 2 3655 3670
222 0 3655 3657
222 0 3657 3660
223 1 3672 3676
223 2 3676 3684
223 0 3676 3678
223 0 3676 3678
224 1 3686 3688
224 2 3688 3704
224 0 3688 3690
224 0 3690 3693
225 1 3706 3708
225 2 3708 3724
225 0 3708 3710
225 0 3710 3713
226 1 3726 3728
226 2 3728 3743
226 0 3728 3730
226 0 3730 3736
227 1 3745 3747
227 2 3747 3757
227 0 3747 3749
228 1 3759 3761
228 2 3761 3774
228 0 3761 3763
229 1 3776 3778
229 2 3778 3793
229 0 3778 3780
229 0 3780 3786
230 1 3795 3797
230 2 3797 3812
230 0 3797 3799
230 0 3799 3802
231 1 3814 3816
231 2 3816 3826
231 0 3816 3818
231 0 3818 3821
232 1 3828 3830
232 2 3830 3845
232 0 3830 3832
232 0 3832 3838
233 1 3847 3849
233 2 3849 3862
233 0 3849 3851
234 1 3864 3866
234 2 3866 3872
234 0 3866 3868
235 1 3874 3876
235 2 3876 3884
235 0 3876 3878
235 0 3878 3881
236 1 3886 3888
236 2 3888 3894
236 0 3888 3890
237 1 3896 3898
237 2 3898 3908
237 0 3898 3900
237 0 3900 3903
238 1 3910 3912
238 2 3912 3927
238 0 3912 3914
238 0 3914 3920
239 1 3929 3933
239 2 3933 3941
239 0 3933 3935
239 0 3933 3935
240 1 3943 3947
240 2 3947 3955
240 0 3947 3949
240 0 3947 3949
241 1 3957 3959
241 2 3959 3971
241 0 3959 3961
242 1 3973 3975
242 2 3975 3990
242 0 3975 3977
242 0 3977 3980
243 1 3992 3994
243 2 3994 4011
243 0 3994 3996
243 0 3996 3999
244 1 4013 4015
244 2 4015 4022
244 0 4015 4017
245 1 4024 4026
245 2 4026 4032
246 1 4034 4036
246 2 4036 4052
246 0 4036 4038
246 0 4038 4041
247 1 4054 4056
247 2 4056 4066
247 0 4056 4058
248 1 4068 4070
248 2 4070 4090
248 0 4070 4072
248 0 4072 4075
249 1 4092 4094
249 2 4094 4109
249 0 4094 4096
249 0 4096 4099
250 1 4111 4113
250 2 4113 4116
251 1 4118 4120
251 2 4120 4137
251 0 4120 4122
251 0 4122 4125
252 1 4139 4141
252 2 4141 4153
252 0 4141 4143
253 1 4155 4157
253 2 4157 4167
253 0 4157 4159
253 0 4159 4162
254 1 4169 4171
254 2 4171 4178
254 0 4171 4173
255 1 4180 4182
255 2 4182 4188
256 1 4190 4192
256 2 4192 4204
256 0 4192 4194
257 1 4206 4208
257 2 4208 4218
257 0 4208 4210
257 0 4210 4213
258 1 4220 4224
258 2 4224 4232
258 0 4224 4226
258 0 4224 4226
259 1 4234 4236
259 2 4236 4251
259 0 4236 4238
259 0 4238 4244
260 1 4253 4255
260 2 4255 4270
260 0 4255 4257
260 0 4257 4263
261 1 4272 4274
261 2 4274 4291
261 0 4274 4276
261 0 4276 4279
262 1 4293 4295
262 2 4295 4305
262 0 4295 4297
263 1 4307 4309
263 2 4309 4319
263 0 4309 4311
264 1 4321 4323
264 2 4323 4339
264 0 4323 4325
264 0 4325 4328
265 1 4341 4343
265 2 4343 4353
265 0 4343 4345
265 0 4345 4348
266 1 4355 4357
266 2 4357 4372
266 0 4357 4359
266 0 4359 4365
267 1 4374 4376
267 2 4376 4387
267 0 4376 4378
267 0 4378 4381
267 0 4381 4384
268 1 4389 4391
268 2 4391 4407
268 0 4391 4393
268 0 4393 4396
269 1 4409 4411
269 2 4411 4431
269 0 4411 4413
269 0 4413 4416
269 0 4416 4419
269 0 4419 4422
269 0 4422 4424
270 1 4433 4435
270 2 4435 4453
270 0 4435 4437
270 0 4437 4440
270 0 4440 4443
270 0 4443 4446
271 1 4455 4457
271 2 4457 4463
272 1 4465 4467
272 2 4467 4483
272 0 4467 4469
272 0 4469 4472
273 1 4485 4487
273 2 4487 4502
273 0 4487 4489
273 0 4489 4492
274 1 4504 4506
274 2 4506 4524
274 0 4506 4508
274 0 4508 4511
274 0 4511 4514
274 0 4514 4517
275 1 4526 4528
275 2 4528 4543
275 0 4528 4530
275 0 4530 4536
276 1 4545 4547
276 2 4547 4562
276 0 4547 4549
276 0 4549 4552
277 1 4564 4566
277 2 4566 4579
277 0 4566 4568
278 1 4581 4583
278 0 4583 4585
