272	1.16976615041368
145	1.0061135993358
34	0.99369899952615
195	0.673678749353053
68	0.67294431226215
143	0.501955527220158
50	0.489577305342027
57	0.489577305342027
63	0.489577305342027
109	0.488524634439115
251	0.479813066076287
22	0.477104233434464
28	0.477104233434464
18	0.464518324951455
23	0.464518324951455
31	0.462259571848451
35	0.460566773280701
200	0.354807161217837
205	0.354807161217837
264	0.354807161217837
24	0.352608791257104
47	0.352608791257104
80	0.352608791257104
86	0.352608791257104
150	0.333253983238376
267	0.326217353742425
76	0.322180297231958
252	0.321308844840057
42	0.320791065195522
48	0.320791065195522
85	0.320791065195522
137	0.320791065195522
142	0.320791065195522
185	0.318871588135216
191	0.318871588135216
13	0.318452544911283
115	0.315231737833242
29	0.305384645978449
37	0.304309046636128
112	0.30303205184016
45	0.185492582598956
97	0.185492582598956
103	0.185492582598956
268	0.180118289376277
27	0.177950162363565
262	0.17468887184156
17	0.173019510691393
82	0.161174571742515
88	0.161174571742515
93	0.161174571742515
98	0.161174571742515
179	0.161174571742515
53	0.161005725489443
59	0.161005725489443
16	0.160303119350613
20	0.160303119350613
26	0.160303119350613
105	0.157697016392701
111	0.157697016392701
52	0.157184529211362
84	0.157184529211362
159	0.157184529211362
232	0.157184529211362
14	0.149886976318253
61	0.149886976318253
67	0.149886976318253
56	0.149346735963054
78	0.149346735963054
33	0.147004285485882
