0	0
0	0
0	0
0	0
0	0
0	0
0	0
0	0
0	0
0	0
0	0
0	0
0	0
0	0
0	0
0	0
0	0
0	0
0	0
0	0
0	0
0	0
0	0
0	0
0	0
0	0
0	0
0	0
0.148079884828204	0
0	0
0.154952167011956	0
0	0
0	0
0.337653010816818	0
0.460566773280701	0
0	0
0	0
0	0
0	0
0	0
0	0
0	0
0	0
0	0
0.185492582598956	0
0	0
0	0
0	0
0	0
0.185492582598956	0
0	0
0	0
0	0
0	0
0	0
0	0
0.185492582598956	0
0	0
0	0
0	0
0	0
0	0
0.185492582598956	0
0	0
0	0
0	0
0	0
0.185492582598956	0
0	0
0	0
0	0
0	0
0	0
0	0
0	0
0.161174571742515	0
0	0
0	0
0	0
0	0
0	0
0.161174571742515	0
0	0
0	0
0	0
0	0
0	0
0.161174571742515	0
0	0
0	0
0	0
0	0
0.161174571742515	0
0	0
0	0
0	0
0.185492582598956	0
0.161174571742515	0
0	0
0	0
0	0
0	0
0.185492582598956	0
0	0
0.157697016392701	0
0	0
0	0
0	0
0.488524634439115	0
0	0
0.157697016392701	0
0.30303205184016	0
0	0
0	0
0.315231737833242	0
0	0
0	0
0	0
0	0
0	0
0	0
0	0
0	0
0	0
0	0
0	0
0	0
0	0
0	0
0	0
0	0
0	0
0	0
0	0
0	0
0	0
0	0
0	0
0	0
0	0
0	0
0	0
0	0
0	0
0	0
0	0
0	0
0	0
0	0
0	0
0	0
0	0
0	0
0	0
0	0
0	0
0	0
0	0
0	0
0	0
0	0
0	0
0	0
0	0
0	0
0	0
0	0
0	0
0	0
0	0
0	0
0	0
0	0
0	0
0	0
0	0
0	0
0	0
0.161174571742515	0
0	0
0	0
0	0
0	0
0	0
0.318871588135216	0
0	0
0	0
0	0
0	0
0	0
0.318871588135216	0
0	0
0	0
0	0
0.673678749353053	0
0	0
0	0
0	0
0	0
0.354807161217837	0
0	0
0	0
0	0
0	0
0.354807161217837	0
0	0
0	0
0	0
0	0
0	0
0	0
0	0
0	0
0	0
0	0
0	0
0	0
0	0
0	0
0	0
0	0
0	0
0	0
0	0
0	0
0	0
0	0
0	0
0	0
0	0
0	0
0	0
0	0
0	0
0	0
0	0
0	0
0	0
0	0
0	0
0	0
0	0
0	0
0	0
0	0
0	0
0	0
0	0
0	0
0	0
0	0
0	0
0	0
0	0
0	0
0	0
0	0
0	0
0	0
0	0
0	0
0.17468887184156	0
0	0
0.354807161217837	0
0	0
0	0
0	0
0.180118289376277	0
0	0
0	0
0	0
0.17468887184156	0
0	0
0	0
0	0
0	0
0	0
0	0
