1	23	13.573900076506	0.177001839860617	251	3	0.632291998123132
1	23	13.573900076506	0.177001839860617	252	2	0.392142763845208
1	23	13.573900076506	0.177001839860617	37	2	0.304309046636128
1	23	13.573900076506	0.177001839860617	109	3	0.488524634439115
1	23	13.573900076506	0.177001839860617	115	2	0.315231737833242
1	23	13.573900076506	0.177001839860617	232	1	0.157184529211362
1	23	13.573900076506	0.177001839860617	195	4	0.673678749353053
1	23	13.573900076506	0.177001839860617	28	1	0.309587737142376
1	23	13.573900076506	0.177001839860617	29	2	0.540201110702839
1	23	13.573900076506	0.177001839860617	31	3	0.462259571848451
1	23	13.573900076506	0.177001839860617	34	4	1.06571706021781
1	23	13.573900076506	0.177001839860617	267	2	0.484918211192762
1	23	13.573900076506	0.177001839860617	272	6	1.16976615041368
1	23	13.573900076506	0.177001839860617	68	4	0.819929601426507
1	23	13.573900076506	0.177001839860617	76	2	0.396912530419014
1	23	13.573900076506	0.177001839860617	145	4	1.15520971648001
1	23	13.573900076506	0.177001839860617	150	1	0.295084779280554
