1	23	13.573900076506	0.177001839860617	13	0.318452544911283
1	23	13.573900076506	0.177001839860617	14	0.149886976318253
1	23	13.573900076506	0.177001839860617	16	0.160303119350613
1	23	13.573900076506	0.177001839860617	17	0.173019510691393
1	23	13.573900076506	0.177001839860617	18	0.464518324951455
1	23	13.573900076506	0.177001839860617	20	0.160303119350613
1	23	13.573900076506	0.177001839860617	22	0.477104233434464
1	23	13.573900076506	0.177001839860617	23	0.464518324951455
1	23	13.573900076506	0.177001839860617	24	0.352608791257104
1	23	13.573900076506	0.177001839860617	26	0.160303119350613
1	23	13.573900076506	0.177001839860617	27	0.177950162363565
1	23	13.573900076506	0.177001839860617	28	0.477104233434464
1	23	13.573900076506	0.177001839860617	29	0.305384645978449
1	23	13.573900076506	0.177001839860617	31	0.462259571848451
1	23	13.573900076506	0.177001839860617	33	0.147004285485882
1	23	13.573900076506	0.177001839860617	34	0.99369899952615
1	23	13.573900076506	0.177001839860617	35	0.460566773280701
1	23	13.573900076506	0.177001839860617	37	0.304309046636128
1	23	13.573900076506	0.177001839860617	42	0.320791065195522
1	23	13.573900076506	0.177001839860617	45	0.185492582598956
1	23	13.573900076506	0.177001839860617	47	0.352608791257104
1	23	13.573900076506	0.177001839860617	48	0.320791065195522
1	23	13.573900076506	0.177001839860617	50	0.489577305342027
1	23	13.573900076506	0.177001839860617	52	0.157184529211362
1	23	13.573900076506	0.177001839860617	53	0.161005725489443
1	23	13.573900076506	0.177001839860617	56	0.149346735963054
1	23	13.573900076506	0.177001839860617	57	0.489577305342027
1	23	13.573900076506	0.177001839860617	59	0.161005725489443
1	23	13.573900076506	0.177001839860617	61	0.149886976318253
1	23	13.573900076506	0.177001839860617	63	0.489577305342027
1	23	13.573900076506	0.177001839860617	67	0.149886976318253
1	23	13.573900076506	0.177001839860617	68	0.67294431226215
1	23	13.573900076506	0.177001839860617	76	0.322180297231958
1	23	13.573900076506	0.177001839860617	78	0.149346735963054
1	23	13.573900076506	0.177001839860617	80	0.352608791257104
1	23	13.573900076506	0.177001839860617	82	0.161174571742515
1	23	13.573900076506	0.177001839860617	84	0.157184529211362
1	23	13.573900076506	0.177001839860617	85	0.320791065195522
1	23	13.573900076506	0.177001839860617	86	0.352608791257104
1	23	13.573900076506	0.177001839860617	88	0.161174571742515
1	23	13.573900076506	0.177001839860617	93	0.161174571742515
1	23	13.573900076506	0.177001839860617	97	0.185492582598956
1	23	13.573900076506	0.177001839860617	98	0.161174571742515
1	23	13.573900076506	0.177001839860617	103	0.185492582598956
1	23	13.573900076506	0.177001839860617	105	0.157697016392701
1	23	13.573900076506	0.177001839860617	109	0.488524634439115
1	23	13.573900076506	0.177001839860617	111	0.157697016392701
1	23	13.573900076506	0.177001839860617	112	0.30303205184016
1	23	13.573900076506	0.177001839860617	115	0.315231737833242
1	23	13.573900076506	0.177001839860617	137	0.320791065195522
1	23	13.573900076506	0.177001839860617	142	0.320791065195522
1	23	13.573900076506	0.177001839860617	143	0.501955527220158
1	23	13.573900076506	0.177001839860617	145	1.0061135993358
1	23	13.573900076506	0.177001839860617	150	0.333253983238376
1	23	13.573900076506	0.177001839860617	159	0.157184529211362
1	23	13.573900076506	0.177001839860617	179	0.161174571742515
1	23	13.573900076506	0.177001839860617	185	0.318871588135216
1	23	13.573900076506	0.177001839860617	191	0.318871588135216
1	23	13.573900076506	0.177001839860617	195	0.673678749353053
1	23	13.573900076506	0.177001839860617	200	0.354807161217837
1	23	13.573900076506	0.177001839860617	205	0.354807161217837
1	23	13.573900076506	0.177001839860617	232	0.157184529211362
1	23	13.573900076506	0.177001839860617	251	0.479813066076287
1	23	13.573900076506	0.177001839860617	252	0.321308844840057
1	23	13.573900076506	0.177001839860617	262	0.17468887184156
1	23	13.573900076506	0.177001839860617	264	0.354807161217837
1	23	13.573900076506	0.177001839860617	267	0.326217353742425
1	23	13.573900076506	0.177001839860617	268	0.180118289376277
1	23	13.573900076506	0.177001839860617	272	1.16976615041368
