0
0
0
0
0
0
0
0
0
0
0
0
0
0
0
0
0
0
0
0
0
0
0
0
0
0
0
0.0898358599408253
0.146779748134784
0
0.00202332776518373
0
0
0.245908715708602
0
0
0.00120280255587402
0
0
0
0
0
0
0
0
0
0
0
0
0
0
0
0
0
0
0
0
0
0
0
0
0
0
0
0
0
0
0.00336045806248841
0
0
0
0
0
0
0
0.547596676946797
0
0
0
0
0
0
0
0
0
0
0
0
0
0
0
0
0
0
0
0
0
0
0
0
0
0
0
0
0
0
0
0
0.0018365587760869
0
0
0
0
0
0.00117623782773598
0
0
0
0
0
0
0
0
0
0
0
0
0
0
0
0
0
0
0
0
0.000286520488082318
0
0
0
0
0
0
0
0
0.140915298863566
0
0
0
0
0.217738497376499
0
0
0
0.000283341927951762
0
0
0
0
0
0
0
0
0
0
0
0
0
0
0
0
0
0
0
0
0
0
0
0
0
0
0
0
0
0
0
0
0
0
0
0
0
0
0
0
0.00252314138334477
0
0.000550292470133177
0
0
0
0
0
0
0
0
0
0
0
0
0
0
0
0
0
0
0
0
0
0
0
0
0
0
0
0
0
0
0
0
0
0
0.000597659806887307
0
0
0
0
0
0
0
0
0
0
0
0
0
0
0
0
0
0
0.00246989061766848
0.001525847330137
0
0
0
0
0
0
0
0
0
0
0
0
0
0
0.125529696421375
0
0
0
0
0.00455161926231005
0
0
0
0
0
0
