0
0
0
0
0
0
0
0
0
0
0
0
0
0
0
0
0
0
0
0
0
0
0
0
0
0
0
0.00111362495374955
0.00194316946295985
0
0.00192871171861039
0
0
0.00498619706719618
0.000624164154450261
0
0.00109463685840334
0
0
0
0
0
0
0
0
0
0
0
0
0
0
0
0
0
0
0
0
0
0
0
0
0
0
0
0
0
0
0.00321540231878387
0
0
0
0
0
0
0
0.0016853801903247
0
0
0
0
0
0
0
0
0
0
0
0
0
0
0
0
0
0
0
0
0
0
0
0
0
0
0
0
0
0
0
0
0.00175728285769466
0
0
0
0
0
0.00113392711450807
0
0
0
0
0
0
0
0
0
0
0
0
0
0
0
0
0
0
0
0
0.000265907503328194
0
0
0
0
0
0.00118373181037847
0.00134651806229478
0
0.00535107140087582
0
0
0
0
0.00106145604057753
0.000532066951251873
0.000532066951251873
0
0.000266015263292841
0
0
0
0
0
0
0
0
0
0
0
0
0
0
0
0
0
0
0
0
0
0
0
0
0
0
0
0
0
0
0
0
0
0
0
0
0
0
0
0
0.00242330485378796
0
0.000528518307645894
0
0
0
0
0
0
0
0
0
0
0
0
0
0
0
0
0
0
0
0
0
0
0
0
0
0
0
0
0
0
0
0
0
0
0.000565411975580438
0.00151426511023097
0.00151426511023097
0
0
0
0
0
0
0
0
0
0
0
0
0
0
0
0
0.00227443164792493
0.00141058548145758
0
0
0
0
0
0
0
0
0
0
0
0
0
0
0.00174431011220418
0
0
0
0
0.00420779190796289
0
0
0
0
0
0
