1 2 1 7 15 17
1 0 1 7 9 12
1 0 4 7 9 12
2 1 15 17 19 32
2 2 17 19 32 34
2 0 17 19 21 26
2 0 19 21 24 26
3 1 32 34 36 53
3 2 34 36 53 55
3 0 34 36 38 41
3 0 36 38 41 42
4 1 53 55 57 67
4 2 55 57 67 69
4 0 55 57 59 62
4 0 57 59 62 63
5 1 67 69 71 88
5 2 69 71 88 90
5 0 69 71 73 76
5 0 71 73 76 77
6 1 88 90 92 109
6 2 90 92 109 111
6 0 90 92 94 97
6 0 92 94 97 98
7 1 109 111 113 119
7 2 111 113 119 121
8 1 119 121 123 133
8 2 121 123 133 135
8 0 121 123 125 127
9 1 133 135 137 152
9 2 135 137 152 154
9 0 135 137 139 142
9 0 137 139 142 144
10 1 152 154 156 171
10 2 154 156 171 173
10 0 154 156 158 161
10 0 156 158 161 163
11 1 171 173 175 185
11 2 173 175 185 187
11 0 173 175 177 179
12 1 185 187 189 204
12 2 187 189 204 206
12 0 187 189 191 194
12 0 189 191 194 196
13 1 204 206 208 223
13 2 206 208 223 225
13 0 206 208 210 213
13 0 208 210 213 215
14 1 223 225 227 242
14 2 225 227 242 244
14 0 225 227 229 235
14 0 227 229 235 238
15 1 242 244 246 252
15 2 244 246 252 254
16 1 252 254 256 268
16 2 254 256 268 270
16 0 254 256 258 260
17 1 268 270 272 287
17 2 270 272 287 289
17 0 270 272 274 280
17 0 272 274 280 283
18 1 287 289 291 303
18 2 289 291 303 305
18 0 289 291 293 295
19 1 303 305 307 323
19 2 305 307 323 325
19 0 305 307 309 312
19 0 307 309 312 313
20 1 323 325 327 330
20 2 325 327 330 332
21 1 330 332 334 344
21 2 332 334 344 346
21 0 332 334 336 339
21 0 334 336 339 340
22 1 344 346 348 360
22 2 346 348 360 362
22 0 346 348 350 352
23 1 360 362 364 379
23 2 362 364 379 381
23 0 362 364 366 369
23 0 364 366 369 371
24 1 379 381 383 395
24 2 381 383 395 397
24 0 381 383 385 387
25 1 395 397 399 406
25 2 397 399 406 408
25 0 397 399 401 404
26 1 406 408 410 423
26 2 408 410 423 425
26 0 408 410 412 415
26 0 410 412 415 418
26 0 412 415 418 419
27 1 423 425 427 433
27 2 425 427 433 435
28 1 433 435 437 449
28 2 435 437 449 451
28 0 435 437 439 441
29 1 449 451 453 460
29 2 451 453 460 462
29 0 451 453 455 458
30 1 460 462 464 484
30 2 462 464 484 486
30 0 462 464 466 469
30 0 464 466 469 472
30 0 466 469 472 475
30 0 469 472 475 477
30 0 472 475 477 478
31 1 484 486 488 499
31 2 486 488 499 501
31 0 486 488 490 493
31 0 488 490 493 496
31 0 490 493 496 497
32 1 499 501 503 521
32 2 501 503 521 523
32 0 501 503 505 508
32 0 503 505 508 511
32 0 505 508 511 514
32 0 508 511 514 517
33 1 521 523 525 531
33 2 523 525 531 533
34 1 531 533 535 550
34 2 533 535 550 552
34 0 533 535 537 540
34 0 535 537 540 542
35 1 550 552 554 567
35 2 552 554 567 569
35 0 552 554 556 559
35 0 554 556 559 562
35 0 556 559 562 563
36 1 567 569 571 581
36 2 569 571 581 583
36 0 569 571 573 575
37 1 581 583 585 595
37 2 583 585 595 597
37 0 583 585 587 589
38 1 595 597 599 609
38 2 597 599 609 611
38 0 597 599 601 603
39 1 609 611 613 623
39 2 611 613 623 625
39 0 611 613 615 618
39 0 613 615 618 619
40 1 623 625 627 644
40 2 625 627 644 646
40 0 625 627 629 632
40 0 627 629 632 633
41 1 644 646 648 663
41 2 646 648 663 665
41 0 646 648 650 653
41 0 648 650 653 655
42 1 663 665 667 682
42 2 665 667 682 684
42 0 665 667 669 675
42 0 667 669 675 678
43 1 682 684 686 698
43 2 684 686 698 700
43 0 684 686 688 690
44 1 698 700 702 709
44 2 700 702 709 711
44 0 700 702 704 707
45 1 709 711 713 728
45 2 711 713 728 730
45 0 711 713 715 718
45 0 713 715 718 720
46 1 728 730 732 738
46 2 730 732 738 740
47 1 738 740 742 754
47 2 740 742 754 756
47 0 740 742 744 746
48 1 754 756 758 764
48 2 756 758 764 766
49 1 764 766 768 776
49 2 766 768 776 778
49 0 766 768 770 773
49 0 768 770 773 774
50 1 776 778 780 795
50 2 778 780 795 797
50 0 778 780 782 785
50 0 780 782 785 787
51 1 795 797 799 814
51 2 797 799 814 816
51 0 797 799 801 804
51 0 799 801 804 806
52 1 814 816 818 830
52 2 816 818 830 832
52 0 816 818 820 822
53 1 830 832 834 840
53 2 832 834 840 842
54 1 840 842 844 854
54 2 842 844 854 856
54 0 842 844 846 848
55 1 854 856 858 873
55 2 856 858 873 875
55 0 856 858 860 863
55 0 858 860 863 865
56 1 873 875 877 889
56 2 875 877 889 891
56 0 875 877 879 881
57 1 889 891 893 906
57 2 891 893 906 908
57 0 891 893 895 898
57 0 893 895 898 901
57 0 895 898 901 902
58 1 906 908 912 920
58 2 908 912 920 922
58 0 908 912 914 917
58 0 909 912 914 917
59 1 920 922 924 944
59 2 922 924 944 946
59 0 922 924 926 929
59 0 924 926 929 930
60 1 944 946 948 960
60 2 946 948 960 962
60 0 946 948 950 952
61 1 960 962 964 976
61 2 962 964 976 978
61 0 962 964 966 968
62 1 976 978 980 997
62 2 978 980 997 999
62 0 978 980 982 985
62 0 980 982 985 986
63 1 997 999 1001 1016
63 2 999 1001 1016 1018
63 0 999 1001 1003 1006
63 0 1001 1003 1006 1008
64 1 1016 1018 1020 1031
64 2 1018 1020 1031 1033
64 0 1018 1020 1022 1025
64 0 1020 1022 1025 1028
64 0 1022 1025 1028 1029
65 1 1031 1033 1035 1047
65 2 1033 1035 1047 1049
65 0 1033 1035 1037 1039
66 1 1047 1049 1051 1063
66 2 1049 1051 1063 1065
66 0 1049 1051 1053 1055
67 1 1063 1065 1067 1070
67 2 1065 1067 1070 1072
68 1 1070 1072 1074 1085
68 2 1072 1074 1085 1087
68 0 1072 1074 1076 1079
68 0 1074 1076 1079 1082
68 0 1076 1079 1082 1083
69 1 1085 1087 1089 1109
69 2 1087 1089 1109 1111
69 0 1087 1089 1091 1094
69 0 1089 1091 1094 1095
70 1 1109 1111 1113 1131
70 2 1111 1113 1131 1133
70 0 1111 1113 1115 1118
70 0 1113 1115 1118 1121
70 0 1115 1118 1121 1124
70 0 1118 1121 1124 1127
71 1 1131 1133 1135 1151
71 2 1133 1135 1151 1153
71 0 1133 1135 1137 1140
71 0 1135 1137 1140 1141
72 1 1151 1153 1155 1162
72 2 1153 1155 1162 1164
72 0 1153 1155 1157 1160
73 1 1162 1164 1166 1186
73 2 1164 1166 1186 1188
73 0 1164 1166 1168 1171
73 0 1166 1168 1171 1174
73 0 1168 1171 1174 1177
73 0 1171 1174 1177 1179
73 0 1174 1177 1179 1180
74 1 1186 1188 1190 1205
74 2 1188 1190 1205 1207
74 0 1188 1190 1192 1198
74 0 1190 1192 1198 1201
75 1 1205 1207 1209 1222
75 2 1207 1209 1222 1224
75 0 1207 1209 1211 1216
75 0 1209 1211 1214 1216
76 1 1222 1224 1226 1232
76 2 1224 1226 1232 1234
76 0 1224 1226 1228 1231
77 1 1232 1234 1236 1244
77 2 1234 1236 1244 1246
77 0 1234 1236 1238 1241
77 0 1236 1238 1241 1242
78 1 1244 1246 1248 1263
78 2 1246 1248 1263 1265
78 0 1246 1248 1250 1256
78 0 1248 1250 1256 1259
79 1 1263 1265 1267 1283
79 2 1265 1267 1283 1285
79 0 1265 1267 1269 1272
79 0 1267 1269 1272 1273
80 1 1283 1285 1287 1299
80 2 1285 1287 1299 1301
80 0 1285 1287 1289 1291
81 1 1299 1301 1303 1313
81 2 1301 1303 1313 1315
81 0 1301 1303 1305 1307
82 1 1313 1315 1317 1332
82 2 1315 1317 1332 1334
82 0 1315 1317 1319 1322
82 0 1317 1319 1322 1324
83 1 1332 1334 1336 1344
83 2 1334 1336 1344 1346
83 0 1334 1336 1338 1341
83 0 1336 1338 1341 1342
84 1 1344 1346 1348 1360
84 2 1346 1348 1360 1362
84 0 1346 1348 1350 1352
85 1 1360 1362 1364 1377
85 2 1362 1364 1377 1379
85 0 1362 1364 1366 1369
85 0 1364 1366 1369 1372
85 0 1366 1369 1372 1373
86 1 1377 1379 1381 1394
86 2 1379 1381 1394 1396
86 0 1379 1381 1383 1386
86 0 1381 1383 1386 1389
86 0 1383 1386 1389 1390
87 1 1394 1396 1398 1405
87 2 1396 1398 1405 1407
87 0 1396 1398 1400 1403
88 1 1405 1407 1409 1419
88 2 1407 1409 1419 1421
88 0 1407 1409 1411 1413
89 1 1419 1421 1423 1429
89 2 1421 1423 1429 1431
90 1 1429 1431 1433 1440
90 2 1431 1433 1440 1442
90 0 1431 1433 1435 1438
91 1 1440 1442 1444 1459
91 2 1442 1444 1459 1461
91 0 1442 1444 1446 1452
91 0 1444 1446 1452 1455
92 1 1459 1461 1463 1478
92 2 1461 1463 1478 1480
92 0 1461 1463 1465 1468
92 0 1463 1465 1468 1470
93 1 1478 1480 1482 1492
93 2 1480 1482 1492 1494
93 0 1480 1482 1484 1487
93 0 1482 1484 1487 1488
94 1 1492 1494 1496 1511
94 2 1494 1496 1511 1513
94 0 1494 1496 1498 1501
94 0 1496 1498 1501 1503
95 1 1511 1513 1515 1522
95 2 1513 1515 1522 1524
95 0 1513 1515 1517 1520
96 1 1522 1524 1526 1532
96 2 1524 1526 1532 1534
97 1 1532 1534 1536 1551
97 2 1534 1536 1551 1553
97 0 1534 1536 1538 1544
97 0 1536 1538 1544 1547
98 1 1551 1553 1555 1562
98 2 1553 1555 1562 1564
98 0 1553 1555 1557 1560
99 1 1562 1564 1566 1581
99 2 1564 1566 1581 1583
99 0 1564 1566 1568 1574
99 0 1566 1568 1574 1577
100 1 1581 1583 1585 1593
100 2 1583 1585 1593 1595
100 0 1583 1585 1587 1590
100 0 1585 1587 1590 1591
101 1 1593 1595 1597 1617
101 2 1595 1597 1617 1619
101 0 1595 1597 1599 1602
101 0 1597 1599 1602 1605
101 0 1599 1602 1605 1608
101 0 1602 1605 1608 1610
101 0 1605 1608 1610 1611
102 1 1617 1619 1621 1638
102 2 1619 1621 1638 1640
102 0 1619 1621 1623 1626
102 0 1621 1623 1626 1627
103 1 1638 1640 1642 1652
103 2 1640 1642 1652 1654
103 0 1640 1642 1644 1646
104 1 1652 1654 1656 1662
104 2 1654 1656 1662 1664
105 1 1662 1664 1666 1678
105 2 1664 1666 1678 1680
105 0 1664 1666 1668 1670
106 1 1678 1680 1682 1688
106 2 1680 1682 1688 1690
107 1 1688 1690 1692 1705
107 2 1690 1692 1705 1707
107 0 1690 1692 1694 1697
107 0 1692 1694 1697 1700
107 0 1694 1697 1700 1701
108 1 1705 1707 1711 1719
108 2 1707 1711 1719 1721
108 0 1707 1711 1713 1716
108 0 1708 1711 1713 1716
109 1 1719 1721 1723 1736
109 2 1721 1723 1736 1738
109 0 1721 1723 1725 1728
109 0 1723 1725 1728 1731
109 0 1725 1728 1731 1732
110 1 1736 1738 1740 1755
110 2 1738 1740 1755 1757
110 0 1738 1740 1742 1745
110 0 1740 1742 1745 1747
111 1 1755 1757 1759 1776
111 2 1757 1759 1776 1778
111 0 1757 1759 1761 1764
111 0 1759 1761 1764 1765
112 1 1776 1778 1780 1790
112 2 1778 1780 1790 1792
112 0 1778 1780 1782 1785
112 0 1780 1782 1785 1786
113 1 1790 1792 1794 1804
113 2 1792 1794 1804 1806
113 0 1792 1794 1796 1798
114 1 1804 1806 1808 1828
114 2 1806 1808 1828 1830
114 0 1806 1808 1810 1813
114 0 1808 1810 1813 1816
114 0 1810 1813 1816 1819
114 0 1813 1816 1819 1821
114 0 1816 1819 1821 1822
115 1 1828 1830 1832 1849
115 2 1830 1832 1849 1851
115 0 1830 1832 1834 1837
115 0 1832 1834 1837 1838
116 1 1849 1851 1853 1860
116 2 1851 1853 1860 1862
116 0 1851 1853 1855 1858
117 1 1860 1862 1864 1871
117 2 1862 1864 1871 1873
117 0 1862 1864 1866 1869
118 1 1871 1873 1875 1893
118 2 1873 1875 1893 1895
118 0 1873 1875 1877 1880
118 0 1875 1877 1880 1883
118 0 1877 1880 1883 1886
118 0 1880 1883 1886 1889
119 1 1893 1895 1897 1917
119 2 1895 1897 1917 1919
119 0 1895 1897 1899 1902
119 0 1897 1899 1902 1905
119 0 1899 1902 1905 1908
119 0 1902 1905 1908 1910
119 0 1905 1908 1910 1911
120 1 1917 1919 1921 1941
120 2 1919 1921 1941 1943
120 0 1919 1921 1923 1926
120 0 1921 1923 1926 1929
120 0 1923 1926 1929 1932
120 0 1926 1929 1932 1934
120 0 1929 1932 1934 1935
121 1 1941 1943 1945 1957
121 2 1943 1945 1957 1959
121 0 1943 1945 1947 1949
122 1 1957 1959 1961 1971
122 2 1959 1961 1971 1973
122 0 1959 1961 1963 1965
123 1 1971 1973 1975 1987
123 2 1973 1975 1987 1989
123 0 1973 1975 1977 1979
124 1 1987 1989 1991 2004
124 2 1989 1991 2004 2006
124 0 1989 1991 1993 1996
124 0 1991 1993 1996 1999
124 0 1993 1996 1999 2000
125 1 2004 2006 2008 2023
125 2 2006 2008 2023 2025
125 0 2006 2008 2010 2016
125 0 2008 2010 2016 2019
126 1 2023 2025 2027 2034
126 2 2025 2027 2034 2036
126 0 2025 2027 2029 2032
127 1 2034 2036 2038 2053
127 2 2036 2038 2053 2055
127 0 2036 2038 2040 2046
127 0 2038 2040 2046 2049
128 1 2053 2055 2057 2069
128 2 2055 2057 2069 2071
128 0 2055 2057 2059 2061
129 1 2069 2071 2073 2093
129 2 2071 2073 2093 2095
129 0 2071 2073 2075 2078
129 0 2073 2075 2078 2079
130 1 2093 2095 2097 2109
130 2 2095 2097 2109 2111
130 0 2095 2097 2099 2101
131 1 2109 2111 2113 2128
131 2 2111 2113 2128 2130
131 0 2111 2113 2115 2118
131 0 2113 2115 2118 2120
132 1 2128 2130 2132 2139
132 2 2130 2132 2139 2141
132 0 2130 2132 2134 2137
133 1 2139 2141 2143 2159
133 2 2141 2143 2159 2161
133 0 2141 2143 2145 2148
133 0 2143 2145 2148 2149
134 1 2159 2161 2163 2173
134 2 2161 2163 2173 2175
134 0 2161 2163 2165 2167
135 1 2173 2175 2177 2192
135 2 2175 2177 2192 2194
135 0 2175 2177 2179 2185
135 0 2177 2179 2185 2188
136 1 2192 2194 2196 2203
136 2 2194 2196 2203 2205
136 0 2194 2196 2198 2201
137 1 2203 2205 2207 2214
137 2 2205 2207 2214 2216
137 0 2205 2207 2209 2212
138 1 2214 2216 2220 2228
138 2 2216 2220 2228 2230
138 0 2216 2220 2222 2225
138 0 2217 2220 2222 2225
139 1 2228 2230 2232 2247
139 2 2230 2232 2247 2249
139 0 2230 2232 2234 2237
139 0 2232 2234 2237 2239
140 1 2247 2249 2251 2266
140 2 2249 2251 2266 2268
140 0 2249 2251 2253 2256
140 0 2251 2253 2256 2258
141 1 2266 2268 2270 2286
141 2 2268 2270 2286 2288
141 0 2268 2270 2272 2275
141 0 2270 2272 2275 2276
142 1 2286 2288 2290 2293
142 2 2288 2290 2293 2295
143 1 2293 2295 2297 2312
143 2 2295 2297 2312 2314
143 0 2295 2297 2299 2302
143 0 2297 2299 2302 2304
144 1 2312 2314 2316 2326
144 2 2314 2316 2326 2328
144 0 2314 2316 2318 2321
144 0 2316 2318 2321 2322
145 1 2326 2328 2330 2340
145 2 2328 2330 2340 2342
145 0 2328 2330 2332 2335
145 0 2330 2332 2335 2336
146 1 2340 2342 2344 2350
146 2 2342 2344 2350 2352
147 1 2350 2352 2354 2362
147 2 2352 2354 2362 2364
147 0 2352 2354 2356 2359
147 0 2354 2356 2359 2360
148 1 2362 2364 2366 2379
148 2 2364 2366 2379 2381
148 0 2364 2366 2368 2371
148 0 2366 2368 2371 2374
148 0 2368 2371 2374 2375
149 1 2379 2381 2383 2393
149 2 2381 2383 2393 2395
149 0 2381 2383 2385 2388
149 0 2383 2385 2388 2389
150 1 2393 2395 2397 2408
150 2 2395 2397 2408 2410
150 0 2395 2397 2399 2402
150 0 2397 2399 2402 2405
150 0 2399 2402 2405 2406
151 1 2408 2410 2412 2418
151 2 2410 2412 2418 2420
151 0 2410 2412 2414 2417
152 1 2418 2420 2422 2437
152 2 2420 2422 2437 2439
152 0 2420 2422 2424 2430
152 0 2422 2424 2430 2433
153 1 2437 2439 2441 2456
153 2 2439 2441 2456 2458
153 0 2439 2441 2443 2449
153 0 2441 2443 2449 2452
154 1 2456 2458 2460 2466
154 2 2458 2460 2466 2468
155 1 2466 2468 2470 2480
155 2 2468 2470 2480 2482
155 0 2468 2470 2472 2475
155 0 2470 2472 2475 2476
156 1 2480 2482 2486 2494
156 2 2482 2486 2494 2496
156 0 2482 2486 2488 2491
156 0 2483 2486 2488 2491
157 1 2494 2496 2498 2504
157 2 2496 2498 2504 2506
158 1 2504 2506 2508 2524
158 2 2506 2508 2524 2526
158 0 2506 2508 2510 2513
158 0 2508 2510 2513 2514
159 1 2524 2526 2528 2540
159 2 2526 2528 2540 2542
159 0 2526 2528 2530 2532
160 1 2540 2542 2544 2556
160 2 2542 2544 2556 2558
160 0 2542 2544 2546 2548
161 1 2556 2558 2560 2577
161 2 2558 2560 2577 2579
161 0 2558 2560 2562 2565
161 0 2560 2562 2565 2566
162 1 2577 2579 2581 2588
162 2 2579 2581 2588 2590
162 0 2579 2581 2583 2586
163 1 2588 2590 2592 2599
163 2 2590 2592 2599 2601
163 0 2590 2592 2594 2597
164 1 2599 2601 2603 2618
164 2 2601 2603 2618 2620
164 0 2601 2603 2605 2611
164 0 2603 2605 2611 2614
165 1 2618 2620 2622 2634
165 2 2620 2622 2634 2636
165 0 2620 2622 2624 2626
166 1 2634 2636 2638 2645
166 2 2636 2638 2645 2647
166 0 2636 2638 2640 2643
167 1 2645 2647 2649 2665
167 2 2647 2649 2665 2667
167 0 2647 2649 2651 2654
167 0 2649 2651 2654 2655
168 1 2665 2667 2669 2686
168 2 2667 2669 2686 2688
168 0 2667 2669 2671 2674
168 0 2669 2671 2674 2675
169 1 2686 2688 2690 2702
169 2 2688 2690 2702 2704
169 0 2688 2690 2692 2694
170 1 2702 2704 2708 2716
170 2 2704 2708 2716 2718
170 0 2704 2708 2710 2713
170 0 2705 2708 2710 2713
171 1 2716 2718 2720 2736
171 2 2718 2720 2736 2738
171 0 2718 2720 2722 2725
171 0 2720 2722 2725 2726
172 1 2736 2738 2740 2755
172 2 2738 2740 2755 2757
172 0 2738 2740 2742 2748
172 0 2740 2742 2748 2751
173 1 2755 2757 2759 2771
173 2 2757 2759 2771 2773
173 0 2757 2759 2761 2763
174 1 2771 2773 2775 2785
174 2 2773 2775 2785 2787
174 0 2773 2775 2777 2779
175 1 2785 2787 2789 2804
175 2 2787 2789 2804 2806
175 0 2787 2789 2791 2794
175 0 2789 2791 2794 2796
176 1 2804 2806 2808 2823
176 2 2806 2808 2823 2825
176 0 2806 2808 2810 2813
176 0 2808 2810 2813 2815
177 1 2823 2825 2827 2839
177 2 2825 2827 2839 2841
177 0 2825 2827 2829 2831
178 1 2839 2841 2843 2860
178 2 2841 2843 2860 2862
178 0 2841 2843 2845 2848
178 0 2843 2845 2848 2849
179 1 2860 2862 2864 2879
179 2 2862 2864 2879 2881
179 0 2862 2864 2866 2872
179 0 2864 2866 2872 2875
180 1 2879 2881 2883 2901
180 2 2881 2883 2901 2903
180 0 2881 2883 2885 2888
180 0 2883 2885 2888 2891
180 0 2885 2888 2891 2894
180 0 2888 2891 2894 2897
181 1 2901 2903 2905 2920
181 2 2903 2905 2920 2922
181 0 2903 2905 2907 2913
181 0 2905 2907 2913 2916
182 1 2920 2922 2924 2941
182 2 2922 2924 2941 2943
182 0 2922 2924 2926 2929
182 0 2924 2926 2929 2930
183 1 2941 2943 2945 2960
183 2 2943 2945 2960 2962
183 0 2943 2945 2947 2953
183 0 2945 2947 2953 2956
184 1 2960 2962 2964 2976
184 2 2962 2964 2976 2978
184 0 2962 2964 2966 2968
185 1 2976 2978 2980 2995
185 2 2978 2980 2995 2997
185 0 2978 2980 2982 2985
185 0 2980 2982 2985 2987
186 1 2995 2997 2999 3019
186 2 2997 2999 3019 3021
186 0 2997 2999 3001 3004
186 0 2999 3001 3004 3007
186 0 3001 3004 3007 3010
186 0 3004 3007 3010 3012
186 0 3007 3010 3012 3013
187 1 3019 3021 3023 3043
187 2 3021 3023 3043 3045
187 0 3021 3023 3025 3028
187 0 3023 3025 3028 3031
187 0 3025 3028 3031 3034
187 0 3028 3031 3034 3036
187 0 3031 3034 3036 3037
188 1 3043 3045 3047 3067
188 2 3045 3047 3067 3069
188 0 3045 3047 3049 3052
188 0 3047 3049 3052 3055
188 0 3049 3052 3055 3058
188 0 3052 3055 3058 3060
188 0 3055 3058 3060 3061
189 1 3067 3069 3071 3091
189 2 3069 3071 3091 3093
189 0 3069 3071 3073 3076
189 0 3071 3073 3076 3079
189 0 3073 3076 3079 3082
189 0 3076 3079 3082 3084
189 0 3079 3082 3084 3085
190 1 3091 3093 3095 3113
190 2 3093 3095 3113 3115
190 0 3093 3095 3097 3100
190 0 3095 3097 3100 3103
190 0 3097 3100 3103 3106
190 0 3100 3103 3106 3109
191 1 3113 3115 3117 3137
191 2 3115 3117 3137 3139
191 0 3115 3117 3119 3122
191 0 3117 3119 3122 3125
191 0 3119 3122 3125 3128
191 0 3122 3125 3128 3130
191 0 3125 3128 3130 3131
192 1 3137 3139 3141 3153
192 2 3139 3141 3153 3155
192 0 3139 3141 3143 3145
193 1 3153 3155 3157 3167
193 2 3155 3157 3167 3169
193 0 3155 3157 3159 3162
193 0 3157 3159 3162 3163
194 1 3167 3169 3171 3181
194 2 3169 3171 3181 3183
194 0 3169 3171 3173 3175
195 1 3181 3183 3185 3203
195 2 3183 3185 3203 3205
195 0 3183 3185 3187 3190
195 0 3185 3187 3190 3193
195 0 3187 3190 3193 3196
195 0 3190 3193 3196 3199
196 1 3203 3205 3207 3227
196 2 3205 3207 3227 3229
196 0 3205 3207 3209 3212
196 0 3207 3209 3212 3215
196 0 3209 3212 3215 3218
196 0 3212 3215 3218 3220
196 0 3215 3218 3220 3221
197 1 3227 3229 3231 3249
197 2 3229 3231 3249 3251
197 0 3229 3231 3233 3236
197 0 3231 3233 3236 3239
197 0 3233 3236 3239 3242
197 0 3236 3239 3242 3245
198 1 3249 3251 3253 3268
198 2 3251 3253 3268 3270
198 0 3251 3253 3255 3258
198 0 3253 3255 3258 3260
199 1 3268 3270 3272 3279
199 2 3270 3272 3279 3281
199 0 3270 3272 3274 3277
200 1 3279 3281 3283 3296
200 2 3281 3283 3296 3298
200 0 3281 3283 3285 3288
200 0 3283 3285 3288 3291
200 0 3285 3288 3291 3292
201 1 3296 3298 3300 3313
201 2 3298 3300 3313 3315
201 0 3298 3300 3302 3305
201 0 3300 3302 3305 3308
201 0 3302 3305 3308 3309
202 1 3313 3315 3317 3335
202 2 3315 3317 3335 3337
202 0 3315 3317 3319 3322
202 0 3317 3319 3322 3325
202 0 3319 3322 3325 3328
202 0 3322 3325 3328 3331
203 1 3335 3337 3339 3350
203 2 3337 3339 3350 3352
203 0 3337 3339 3341 3344
203 0 3339 3341 3344 3347
203 0 3341 3344 3347 3348
204 1 3350 3352 3354 3372
204 2 3352 3354 3372 3374
204 0 3352 3354 3356 3359
204 0 3354 3356 3359 3362
204 0 3356 3359 3362 3365
204 0 3359 3362 3365 3368
205 1 3372 3374 3376 3394
205 2 3374 3376 3394 3396
205 0 3374 3376 3378 3381
205 0 3376 3378 3381 3384
205 0 3378 3381 3384 3387
205 0 3381 3384 3387 3390
206 1 3394 3396 3398 3404
206 2 3396 3398 3404 3406
207 1 3404 3406 3408 3418
207 2 3406 3408 3418 3420
207 0 3406 3408 3410 3412
208 1 3418 3420 3422 3435
208 2 3420 3422 3435 3437
208 0 3420 3422 3424 3427
208 0 3422 3424 3427 3430
208 0 3424 3427 3430 3431
209 1 3435 3437 3439 3452
209 2 3437 3439 3452 3454
209 0 3437 3439 3441 3444
209 0 3439 3441 3444 3447
209 0 3441 3444 3447 3448
210 1 3452 3454 3456 3471
210 2 3454 3456 3471 3473
210 0 3454 3456 3458 3461
210 0 3456 3458 3461 3463
211 1 3471 3473 3475 3481
211 2 3473 3475 3481 3483
212 1 3481 3483 3485 3500
212 2 3483 3485 3500 3502
212 0 3483 3485 3487 3493
212 0 3485 3487 3493 3496
213 1 3500 3502 3504 3516
213 2 3502 3504 3516 3518
213 0 3502 3504 3506 3508
214 1 3516 3518 3520 3535
214 2 3518 3520 3535 3537
214 0 3518 3520 3522 3525
214 0 3520 3522 3525 3527
215 1 3535 3537 3539 3542
215 2 3537 3539 3542 3544
216 1 3542 3544 3546 3558
216 2 3544 3546 3558 3560
216 0 3544 3546 3548 3550
217 1 3558 3560 3562 3578
217 2 3560 3562 3578 3580
217 0 3560 3562 3564 3567
217 0 3562 3564 3567 3568
218 1 3578 3580 3582 3597
218 2 3580 3582 3597 3599
218 0 3580 3582 3584 3590
218 0 3582 3584 3590 3593
219 1 3597 3599 3601 3616
219 2 3599 3601 3616 3618
219 0 3599 3601 3603 3609
219 0 3601 3603 3609 3612
220 1 3616 3618 3620 3627
220 2 3618 3620 3627 3629
220 0 3618 3620 3622 3625
221 1 3627 3629 3631 3651
221 2 3629 3631 3651 3653
221 0 3629 3631 3633 3636
221 0 3631 3633 3636 3637
222 1 3651 3653 3655 3670
222 2 3653 3655 3670 3672
222 0 3653 3655 3657 3660
222 0 3655 3657 3660 3662
223 1 3670 3672 3676 3684
223 2 3672 3676 3684 3686
223 0 3672 3676 3678 3681
223 0 3673 3676 3678 3681
224 1 3684 3686 3688 3704
224 2 3686 3688 3704 3706
224 0 3686 3688 3690 3693
224 0 3688 3690 3693 3694
225 1 3704 3706 3708 3724
225 2 3706 3708 3724 3726
225 0 3706 3708 3710 3713
225 0 3708 3710 3713 3714
226 1 3724 3726 3728 3743
226 2 3726 3728 3743 3745
226 0 3726 3728 3730 3736
226 0 3728 3730 3736 3739
227 1 3743 3745 3747 3757
227 2 3745 3747 3757 3759
227 0 3745 3747 3749 3751
228 1 3757 3759 3761 3774
228 2 3759 3761 3774 3776
228 0 3759 3761 3763 3768
228 0 3761 3763 3766 3768
229 1 3774 3776 3778 3793
229 2 3776 3778 3793 3795
229 0 3776 3778 3780 3786
229 0 3778 3780 3786 3789
230 1 3793 3795 3797 3812
230 2 3795 3797 3812 3814
230 0 3795 3797 3799 3802
230 0 3797 3799 3802 3804
231 1 3812 3814 3816 3826
231 2 3814 3816 3826 3828
231 0 3814 3816 3818 3821
231 0 3816 3818 3821 3822
232 1 3826 3828 3830 3845
232 2 3828 3830 3845 3847
232 0 3828 3830 3832 3838
232 0 3830 3832 3838 3841
233 1 3845 3847 3849 3862
233 2 3847 3849 3862 3864
233 0 3847 3849 3851 3856
233 0 3849 3851 3854 3856
234 1 3862 3864 3866 3872
234 2 3864 3866 3872 3874
234 0 3864 3866 3868 3871
235 1 3872 3874 3876 3884
235 2 3874 3876 3884 3886
235 0 3874 3876 3878 3881
235 0 3876 3878 3881 3882
236 1 3884 3886 3888 3894
236 2 3886 3888 3894 3896
236 0 3886 3888 3890 3893
237 1 3894 3896 3898 3908
237 2 3896 3898 3908 3910
237 0 3896 3898 3900 3903
237 0 3898 3900 3903 3904
238 1 3908 3910 3912 3927
238 2 3910 3912 3927 3929
238 0 3910 3912 3914 3920
238 0 3912 3914 3920 3923
239 1 3927 3929 3933 3941
239 2 3929 3933 3941 3943
239 0 3929 3933 3935 3938
239 0 3930 3933 3935 3938
240 1 3941 3943 3947 3955
240 2 3943 3947 3955 3957
240 0 3943 3947 3949 3952
240 0 3944 3947 3949 3952
241 1 3955 3957 3959 3971
241 2 3957 3959 3971 3973
241 0 3957 3959 3961 3963
242 1 3971 3973 3975 3990
242 2 3973 3975 3990 3992
242 0 3973 3975 3977 3980
242 0 3975 3977 3980 3982
243 1 3990 3992 3994 4011
243 2 3992 3994 4011 4013
243 0 3992 3994 3996 3999
243 0 3994 3996 3999 4000
244 1 4011 4013 4015 4022
244 2 4013 4015 4022 4024
244 0 4013 4015 4017 4020
245 1 4022 4024 4026 4032
245 2 4024 4026 4032 4034
246 1 4032 4034 4036 4052
246 2 4034 4036 4052 4054
246 0 4034 4036 4038 4041
246 0 4036 4038 4041 4042
247 1 4052 4054 4056 4066
247 2 4054 4056 4066 4068
247 0 4054 4056 4058 4060
248 1 4066 4068 4070 4090
248 2 4068 4070 4090 4092
248 0 4068 4070 4072 4075
248 0 4070 4072 4075 4076
249 1 4090 4092 4094 4109
249 2 4092 4094 4109 4111
249 0 4092 4094 4096 4099
249 0 4094 4096 4099 4101
250 1 4109 4111 4113 4116
250 2 4111 4113 4116 4118
251 1 4116 4118 4120 4137
251 2 4118 4120 4137 4139
251 0 4118 4120 4122 4125
251 0 4120 4122 4125 4126
252 1 4137 4139 4141 4153
252 2 4139 4141 4153 4155
252 0 4139 4141 4143 4145
253 1 4153 4155 4157 4167
253 2 4155 4157 4167 4169
253 0 4155 4157 4159 4162
253 0 4157 4159 4162 4163
254 1 4167 4169 4171 4178
254 2 4169 4171 4178 4180
254 0 4169 4171 4173 4176
255 1 4178 4180 4182 4188
255 2 4180 4182 4188 4190
256 1 4188 4190 4192 4204
256 2 4190 4192 4204 4206
256 0 4190 4192 4194 4196
257 1 4204 4206 4208 4218
257 2 4206 4208 4218 4220
257 0 4206 4208 4210 4213
257 0 4208 4210 4213 4214
258 1 4218 4220 4224 4232
258 2 4220 4224 4232 4234
258 0 4220 4224 4226 4229
258 0 4221 4224 4226 4229
259 1 4232 4234 4236 4251
259 2 4234 4236 4251 4253
259 0 4234 4236 4238 4244
259 0 4236 4238 4244 4247
260 1 4251 4253 4255 4270
260 2 4253 4255 4270 4272
260 0 4253 4255 4257 4263
260 0 4255 4257 4263 4266
261 1 4270 4272 4274 4291
261 2 4272 4274 4291 4293
261 0 4272 4274 4276 4279
261 0 4274 4276 4279 4280
262 1 4291 4293 4295 4305
262 2 4293 4295 4305 4307
262 0 4293 4295 4297 4299
263 1 4305 4307 4309 4319
263 2 4307 4309 4319 4321
263 0 4307 4309 4311 4313
264 1 4319 4321 4323 4339
264 2 4321 4323 4339 4341
264 0 4321 4323 4325 4328
264 0 4323 4325 4328 4329
265 1 4339 4341 4343 4353
265 2 4341 4343 4353 4355
265 0 4341 4343 4345 4348
265 0 4343 4345 4348 4349
266 1 4353 4355 4357 4372
266 2 4355 4357 4372 4374
266 0 4355 4357 4359 4365
266 0 4357 4359 4365 4368
267 1 4372 4374 4376 4387
267 2 4374 4376 4387 4389
267 0 4374 4376 4378 4381
267 0 4376 4378 4381 4384
267 0 4378 4381 4384 4385
268 1 4387 4389 4391 4407
268 2 4389 4391 4407 4409
268 0 4389 4391 4393 4396
268 0 4391 4393 4396 4397
269 1 4407 4409 4411 4431
269 2 4409 4411 4431 4433
269 0 4409 4411 4413 4416
269 0 4411 4413 4416 4419
269 0 4413 4416 4419 4422
269 0 4416 4419 4422 4424
269 0 4419 4422 4424 4425
270 1 4431 4433 4435 4453
270 2 4433 4435 4453 4455
270 0 4433 4435 4437 4440
270 0 4435 4437 4440 4443
270 0 4437 4440 4443 4446
270 0 4440 4443 4446 4449
271 1 4453 4455 4457 4463
271 2 4455 4457 4463 4465
272 1 4463 4465 4467 4483
272 2 4465 4467 4483 4485
272 0 4465 4467 4469 4472
272 0 4467 4469 4472 4473
273 1 4483 4485 4487 4502
273 2 4485 4487 4502 4504
273 0 4485 4487 4489 4492
273 0 4487 4489 4492 4494
274 1 4502 4504 4506 4524
274 2 4504 4506 4524 4526
274 0 4504 4506 4508 4511
274 0 4506 4508 4511 4514
274 0 4508 4511 4514 4517
274 0 4511 4514 4517 4520
275 1 4524 4526 4528 4543
275 2 4526 4528 4543 4545
275 0 4526 4528 4530 4536
275 0 4528 4530 4536 4539
276 1 4543 4545 4547 4562
276 2 4545 4547 4562 4564
276 0 4545 4547 4549 4552
276 0 4547 4549 4552 4554
277 1 4562 4564 4566 4579
277 2 4564 4566 4579 4581
277 0 4564 4566 4568 4573
277 0 4566 4568 4571 4573
278 1 4579 4581 4583 4590
278 0 4581 4583 4585 4588
